-0.73127151177519756
0.69486747387446535
0.52754923795322806
-0.48986194852115661
-0.0091298258161180978
-0.10101787042252375
0.30318594544552591
0.57744670227102635
-0.81228082645153021
-0.94330504695598738
0.67153020783973938
-0.13446586418989326
0.52456016491588398
-0.99578789329777861
-0.10922561189039715
0.44308006468156513
-0.5424755574590947
0.89054139110784458
0.80285491522296715
-0.93882003393289293
-0.9491082780130784
0.082824945586993159
0.87829832555702114
-0.23759152462357513
-0.56680120573877324
-0.15576684883456537
-0.94191842485026411
-0.5566166674539299
-0.12422481269885588
-0.0083755172362987018
-0.53383109948485474
-0.53826691691803141
-0.56243792532462278
-0.080793068524532829
-0.42043677081902886
-0.95702058946818225
0.67515595132514572
0.11290864530486688
0.28458872586489115
-0.62818746821056459
0.98508682435213024
